========================================================================================================================
封關選股：年線附近股票清單（錢線百分百技術面選股策略）
========================================================================================================================
資料日期：2026-02-06
符合條件：101 檔（年線 ±3%，排除 ETF 及小型股）
策略來源：錢線百分百（2026-02-06）
核心理念：買在年線，睡得安穩
========================================================================================================================

No.  股票代號            收盤價       年線       距離      MA5     MA20     MA60     RSI     MACD      量比
========================================================================================================================
1    3685          38.00    38.00   -0.00%    38.08    38.02    38.01    50.0   -0.003    1.13
2    6425          66.00    65.99   +0.01%    65.54    65.89    65.96    50.0   -0.072    1.36
3    3363         428.00   428.08   -0.02%   432.00   429.00   428.33    50.0    0.470    0.40
4    3580          66.40    66.42   -0.03%    67.34    66.64    66.48    50.0    0.131    1.11
5    4303          56.60    56.62   -0.03%    57.44    56.81    56.67    50.0    0.111    1.19
6    6261          72.40    72.31   +0.12%    72.90    72.45    72.35    51.3    0.074    0.79
7    4123          39.40    39.45   -0.13%    39.60    39.49    39.46    48.1    0.013    1.19
8    5508          58.90    59.00   -0.18%    59.20    59.05    59.02    47.1    0.028    1.13
9    5315          25.05    25.00   +0.18%    25.19    25.05    25.02    52.0    0.024    0.84
10   4768         395.50   394.65   +0.22%   401.60   396.27   395.09    50.9    0.803    0.71
11   6290         172.00   172.46   -0.27%   170.80   172.07   172.36    47.8   -0.285    0.87
12   3289         128.00   127.57   +0.34%   130.90   128.35   127.78    51.4    0.461    1.06
13   4416          28.90    29.00   -0.35%    29.03    29.01    29.00    45.8   -0.006    1.69
14   6179          27.15    27.25   -0.38%    27.39    27.29    27.26    45.5    0.013    0.95
15   7777          35.50    35.66   -0.46%    36.34    35.82    35.71    48.6    0.071    0.54
16   4105          84.50    84.11   +0.47%    84.46    84.19    84.13    64.3    0.067    1.43
17   6462         107.50   108.01   -0.48%   108.70   108.17   108.06    46.2    0.095    1.28
18   6643         473.00   470.70   +0.49%   480.30   472.95   471.32    52.3    1.299    0.88
19   6156          20.40    20.50   -0.50%    20.58    20.52    20.51    42.9    0.006    1.41
20   5009          33.30    33.11   +0.58%    33.53    33.21    33.14    55.0    0.063    0.79
21   8936          50.30    50.60   -0.60%    50.66    50.62    50.61    36.4   -0.005    1.00
22   6284          82.70    83.20   -0.61%    83.44    83.26    83.22    39.1    0.013    1.10
23   8927          24.10    23.95   +0.61%    24.17    24.00    23.97    55.2    0.041    1.10
24   6207          52.90    52.53   +0.71%    53.82    52.83    52.61    52.9    0.183    0.60
25   6603          25.55    25.35   +0.78%    25.51    25.39    25.36    56.2    0.022    1.06
26   4909          53.50    53.92   -0.78%    54.88    54.14    53.98    47.6    0.093    0.76
27   6245          67.20    67.81   -0.90%    68.22    67.91    67.83    43.2    0.024    1.34
28   6190          48.65    48.21   +0.91%    48.64    48.31    48.24    56.3    0.061    0.87
29   8048          54.90    54.40   +0.92%    54.36    54.39    54.40    69.2    0.012    2.11
30   5309          65.00    65.61   -0.92%    65.92    65.68    65.63    43.2    0.036    0.88
31   4130          31.75    31.46   +0.94%    31.72    31.52    31.47    56.3    0.037    2.36
32   3372          20.80    20.60   +0.96%    20.69    20.62    20.61    57.7    0.014    1.51
33   3526         264.00   261.48   +0.96%   260.70   261.30   261.43    61.9   -0.001    0.67
34   4908          72.30    71.53   +1.07%    73.04    71.89    71.63    53.9    0.276    2.21
35   5291          36.00    36.42   -1.14%    37.16    36.59    36.46    47.4    0.058    0.39
36   8069         172.50   170.53   +1.15%   172.10   170.90   170.63    75.0    0.289    0.82
37   8054         124.50   126.05   -1.23%   128.20   126.55   126.18    45.9    0.284    2.02
38   4966         519.00   525.96   -1.32%   524.00   525.50   525.83    18.2   -0.595    1.09
39   3455         110.00   108.54   +1.34%   110.50   109.00   108.67    60.0    0.329    1.50
40   6187         369.00   374.04   -1.35%   376.00   374.50   374.17    42.9   -0.060    0.81
41   6651          98.00    99.39   -1.40%    98.76    99.24    99.35     0.0   -0.144    0.32
42   4979         318.50   314.10   +1.40%   318.70   315.18   314.39    59.6    0.711    0.82
43   8044          27.80    27.41   +1.44%    27.72    27.48    27.43    70.0    0.060    1.13
44   6143         102.00   103.50   -1.45%   103.60   103.53   103.51    38.5   -0.071    1.81
45   3498          48.65    47.92   +1.52%    48.86    48.14    47.98    58.1    0.144    0.98
46   6547          36.45    37.05   -1.61%    36.90    37.01    37.04    16.7   -0.047    0.79
47   3430          65.40    64.32   +1.67%    65.42    64.58    64.39    58.0    0.225    1.74
48   6683         708.00   696.31   +1.68%   710.80   699.70   697.23    55.0    1.912    1.38
49   6127          35.25    34.66   +1.69%    35.37    34.83    34.71    57.3    0.103    2.93
50   5483         116.50   114.52   +1.73%   115.60   114.78   114.59    59.1    0.178    1.67
51   5864          22.70    23.10   -1.74%    23.19    23.12    23.11    34.6   -0.002    2.40
52   5425          60.70    61.80   -1.78%    61.74    61.78    61.79    31.0   -0.058    1.34
53   3466          37.85    38.54   -1.80%    38.30    38.49    38.53    28.1   -0.055    1.95
54   4114          32.50    31.91   +1.86%    32.20    31.98    31.93   100.0    0.065    1.18
55   8155         210.50   214.50   -1.87%   214.70   214.55   214.52    40.5   -0.236    1.21
56   6488         466.00   474.94   -1.88%   471.90   474.23   474.74    29.5   -0.898    0.91
57   8034          24.05    23.60   +1.89%    23.80    23.65    23.62    73.7    0.041    1.75
58   3317          46.65    47.55   -1.89%    47.60    47.56    47.55    32.0   -0.031    1.19
59   5512           7.94     7.79   +1.90%     7.89     7.82     7.80    75.9    0.020    0.85
60   1569          52.80    51.81   +1.92%    52.10    51.88    51.83   100.0    0.078    1.53
61   8390          95.10    93.31   +1.92%    93.76    93.41    93.34    64.1    0.106    1.92
62   6546          60.00    61.20   -1.96%    61.08    61.17    61.19    33.3   -0.078    1.92
63   3260         306.50   312.65   -1.97%   319.60   314.27   313.09    43.8    0.737    1.10
64   3491        1255.00  1280.31   -1.98%  1295.00  1283.75  1281.25    44.4    0.130    1.05
65   5340         102.00   104.07   -1.99%   107.40   104.85   104.28    45.5    0.373    0.83
66   6121         339.50   346.46   -2.01%   344.80   346.07   346.36    20.8   -0.550    1.25
67   6510        3700.00  3776.17   -2.02%  3831.00  3789.00  3779.67    42.9    3.841    1.23
68   3663          57.70    56.55   +2.03%    59.12    57.15    56.72    55.3    0.403    0.62
69   6026          14.45    14.75   -2.03%    14.72    14.74    14.75    20.0   -0.016    0.97
70   2736          14.15    13.86   +2.12%    14.16    13.93    13.88    56.3    0.066    1.49
71   8111          64.00    65.41   -2.16%    66.08    65.57    65.46    39.1    0.042    1.04
72   3294          35.85    36.65   -2.19%    36.74    36.67    36.66    36.7   -0.027    1.06
73   3689         111.00   113.48   -2.19%   112.70   113.30   113.43    14.3   -0.195    0.78
74   4903          38.60    37.77   +2.19%    38.86    38.03    37.84    57.7    0.197    0.77
75   3693         394.00   385.40   +2.23%   404.10   389.77   386.59    55.2    2.991    0.85
76   3078          61.00    62.40   -2.24%    62.30    62.38    62.39    26.7   -0.072    1.55
77   8431          63.40    62.00   +2.25%    62.20    62.05    62.02    61.3    0.055    1.94
78   6111          43.00    44.00   -2.28%    44.06    44.02    44.01    35.3   -0.018    1.61
79   3221          28.25    28.92   -2.30%    29.62    29.08    28.96    43.7    0.070    0.61
80   5905           9.14     8.93   +2.31%     9.09     8.97     8.94    61.8    0.034    0.98
81   6126          37.50    38.39   -2.33%    38.11    38.33    38.38     0.0   -0.078    0.32
82   3066          15.00    14.66   +2.35%    14.95    14.72    14.68    56.9    0.067    3.41
83   6130          41.25    40.30   +2.36%    40.32    40.30    40.30    64.6    0.027    2.35
84   4714          16.30    16.70   -2.40%    16.72    16.70    16.70    35.7   -0.017    1.01
85   4953         117.50   120.46   -2.46%   118.80   120.08   120.36    20.0   -0.363    1.24
86   3324        1030.00  1005.12   +2.47%  1011.00  1006.50  1005.50    72.7    1.585    0.95
87   3290          48.55    49.79   -2.49%    49.37    49.69    49.76     0.0   -0.109    0.73
88   6147          52.90    54.29   -2.57%    54.02    54.23    54.28    23.1   -0.101    1.12
89   3265         132.50   136.00   -2.57%   136.00   136.00   136.00    33.3   -0.163    1.07
90   8076          23.40    22.81   +2.60%    23.16    22.89    22.83    87.5    0.072    0.99
91   3227         187.00   191.99   -2.60%   191.70   191.93   191.97    29.2   -0.259    1.43
92   3587         213.50   208.08   +2.60%   211.90   208.97   208.32    69.0    0.785    1.30
93   5302          11.00    11.30   -2.64%    11.21    11.28    11.29    12.5   -0.026    1.18
94   3511          21.00    20.46   +2.65%    20.86    20.55    20.48    76.2    0.074    1.79
95   6231         199.00   204.51   -2.70%   205.20   204.68   204.56    35.9   -0.061    1.40
96   5530          50.40    49.07   +2.71%    49.91    49.26    49.12    69.0    0.184    1.45
97   6274         519.00   505.25   +2.72%   517.20   508.05   506.02    64.0    1.993    1.49
98   2641          19.40    19.95   -2.75%    19.87    19.93    19.94    23.8   -0.034    1.59
99   4510          48.50    49.93   -2.87%    49.23    49.77    49.89    26.2   -0.172    0.48
100  4167          19.95    20.55   -2.91%    20.49    20.54    20.55    28.6   -0.035    1.14
101  1785          58.30    60.09   -2.99%    59.82    60.03    60.08    28.6   -0.123    0.91
========================================================================================================================

【欄位說明】
- 距離：(股價 - 年線) / 年線 × 100%（越接近 0% 越好）
- MA5/MA20/MA60：5日/20日/60日均線
- RSI：相對強弱指標（30-50 為佳，準備反彈）
- MACD：DIF - DEA（正值 = 黃金交叉）
- 量比：今日量 / 20日均量（0.5-1.2 為佳，量縮）

【操作建議】
1. 優先選擇「距離年線」在 -1% ~ -3% 的股票（回測年線）
2. 確認 MA5 > MA20（短期向上）
3. RSI < 50（未超買）
4. 量比 < 1.2（量縮，賣壓減輕）
5. 停損：跌破年線 3%（約年線 × 0.97）
6. 目標：年線 +10% 到 +20%

【風險提示】
- 單一個股不超過 15% 總資金
- 分散投資至少 5-8 檔
- 保留至少 20% 現金
- 嚴格執行停損，跌破年線立即出場

【節目金句】
"買在年線，睡得安穩"
"年線是主力的成本線，不會輕易放棄"
"跌破年線就走，不要猶豫"
========================================================================================================================
