============================================================================================================================================
封關選股：年線附近股票清單（錢線百分百技術面選股策略）
============================================================================================================================================
資料日期：2026-02-06
符合條件：101 檔（年線 ±3%，排除 ETF 及小型股）
策略來源：錢線百分百（2026-02-06）
核心理念：買在年線，睡得安穩
============================================================================================================================================

No.  代號     股票名稱            2/6收盤       年線       距離    RSI    MACD     量比      停損價    目標(+10%)    目標(+20%)
============================================================================================================================================
1    3685   元創精密            38.00    38.00   -0.00%   50.0  -0.003   1.13    36.86       41.80       45.60
2    6425   易發              66.00    65.99   +0.01%   50.0  -0.072   1.36    64.01       72.59       79.19
3    3363   上詮             428.00   428.08   -0.02%   50.0   0.470   0.40   415.24      470.89      513.70
4    3580   友威科             66.40    66.42   -0.03%   50.0   0.131   1.11    64.43       73.06       79.70
5    4303   信立              56.60    56.62   -0.03%   50.0   0.111   1.19    54.92       62.28       67.94
6    6261   久元              72.40    72.31   +0.12%   51.3   0.074   0.79    70.14       79.54       86.77
7    4123   晟德              39.40    39.45   -0.13%   48.1   0.013   1.19    38.27       43.40       47.34
8    5508   永信建             58.90    59.00   -0.18%   47.1   0.028   1.13    57.23       64.90       70.81
9    5315   光聯              25.05    25.00   +0.18%   52.0   0.024   0.84    24.25       27.50       30.00
10   4768   晶呈科技           395.50   394.65   +0.22%   50.9   0.803   0.71   382.81      434.11      473.58
11   6290   良維             172.00   172.46   -0.27%   47.8  -0.285   0.87   167.29      189.71      206.96
12   3289   宜特             128.00   127.57   +0.34%   51.4   0.461   1.06   123.74      140.33      153.09
13   4416   三圓              28.90    29.00   -0.35%   45.8  -0.006   1.69    28.13       31.90       34.80
14   6179   亞通              27.15    27.25   -0.38%   45.5   0.013   0.95    26.44       29.98       32.70
15   7777   能率亞洲            35.50    35.66   -0.46%   48.6   0.071   0.54    34.59       39.23       42.80
16   4105   東洋              84.50    84.11   +0.47%   64.3   0.067   1.43    81.58       92.52      100.93
17   6462   神盾             107.50   108.01   -0.48%   46.2   0.095   1.28   104.77      118.82      129.62
18   6643   M31            473.00   470.70   +0.49%   52.3   1.299   0.88   456.58      517.77      564.84
19   6156   松上              20.40    20.50   -0.50%   42.9   0.006   1.41    19.89       22.55       24.60
20   5009   榮剛              33.30    33.11   +0.58%   55.0   0.063   0.79    32.12       36.42       39.73
21   8936   國統              50.30    50.60   -0.60%   36.4  -0.005   1.00    49.08       55.66       60.72
22   6284   佳邦              82.70    83.20   -0.61%   39.1   0.013   1.10    80.71       91.53       99.85
23   8927   北基              24.10    23.95   +0.61%   55.2   0.041   1.10    23.24       26.35       28.75
24   6207   雷科              52.90    52.53   +0.71%   52.9   0.183   0.60    50.95       57.78       63.03
25   6603   富強鑫             25.55    25.35   +0.78%   56.2   0.022   1.06    24.59       27.89       30.42
26   4909   新復興             53.50    53.92   -0.78%   47.6   0.093   0.76    52.30       59.31       64.70
27   6245   立端              67.20    67.81   -0.90%   43.2   0.024   1.34    65.77       74.59       81.37
28   6190   萬泰科             48.65    48.21   +0.91%   56.3   0.061   0.87    46.76       53.03       57.85
29   8048   德勝              54.90    54.40   +0.92%   69.2   0.012   2.11    52.77       59.84       65.28
30   5309   系統電             65.00    65.61   -0.92%   43.2   0.036   0.88    63.64       72.17       78.73
31   4130   健亞              31.75    31.46   +0.94%   56.3   0.037   2.36    30.51       34.60       37.75
32   3372   典範              20.80    20.60   +0.96%   57.7   0.014   1.51    19.98       22.66       24.72
33   3526   凡甲             264.00   261.48   +0.96%   61.9  -0.001   0.67   253.64      287.63      313.78
34   4908   前鼎              72.30    71.53   +1.07%   53.9   0.276   2.21    69.39       78.69       85.84
35   5291   邑昇              36.00    36.42   -1.14%   47.4   0.058   0.39    35.32       40.06       43.70
36   8069   元太             172.50   170.53   +1.15%   75.0   0.289   0.82   165.42      187.59      204.64
37   8054   安國             124.50   126.05   -1.23%   45.9   0.284   2.02   122.26      138.65      151.25
38   4966   譜瑞-KY          519.00   525.96   -1.32%   18.2  -0.595   1.09   510.18      578.55      631.15
39   3455   由田             110.00   108.54   +1.34%   60.0   0.329   1.50   105.29      119.40      130.25
40   6187   萬潤             369.00   374.04   -1.35%   42.9  -0.060   0.81   362.82      411.45      448.85
41   6651   全宇昕             98.00    99.39   -1.40%    0.0  -0.144   0.32    96.41      109.33      119.26
42   4979   華星光            318.50   314.10   +1.40%   59.6   0.711   0.82   304.67      345.51      376.92
43   8044   網家              27.80    27.41   +1.44%   70.0   0.060   1.13    26.58       30.15       32.89
44   6143   振曜             102.00   103.50   -1.45%   38.5  -0.071   1.81   100.40      113.85      124.20
45   3498   陽程              48.65    47.92   +1.52%   58.1   0.144   0.98    46.48       52.71       57.50
46   6547   高端疫苗            36.45    37.05   -1.61%   16.7  -0.047   0.79    35.94       40.75       44.46
47   3430   奇鈦科             65.40    64.32   +1.67%   58.0   0.225   1.74    62.39       70.76       77.19
48   6683   雍智科技           708.00   696.31   +1.68%   55.0   1.912   1.38   675.42      765.94      835.57
49   6127   九豪              35.25    34.66   +1.69%   57.3   0.103   2.93    33.63       38.13       41.60
50   5483   中美晶            116.50   114.52   +1.73%   59.1   0.178   1.67   111.09      125.98      137.43
51   5864   致和證             22.70    23.10   -1.74%   34.6  -0.002   2.40    22.41       25.41       27.72
52   5425   台半              60.70    61.80   -1.78%   31.0  -0.058   1.34    59.94       67.98       74.16
53   3466   德晉              37.85    38.54   -1.80%   28.1  -0.055   1.95    37.39       42.40       46.25
54   4114   健喬              32.50    31.91   +1.86%  100.0   0.065   1.18    30.95       35.10       38.29
55   8155   博智             210.50   214.50   -1.87%   40.5  -0.236   1.21   208.07      235.95      257.40
56   6488   環球晶            466.00   474.94   -1.88%   29.5  -0.898   0.91   460.69      522.43      569.92
57   8034   榮群              24.05    23.60   +1.89%   73.7   0.041   1.75    22.90       25.96       28.32
58   3317   尼克森             46.65    47.55   -1.89%   32.0  -0.031   1.19    46.12       52.31       57.06
59   5512   力麒               7.94     7.79   +1.90%   75.9   0.020   0.85     7.56        8.57        9.35
60   1569   濱川              52.80    51.81   +1.92%  100.0   0.078   1.53    50.25       56.99       62.17
61   8390   金益鼎             95.10    93.31   +1.92%   64.1   0.106   1.92    90.51      102.64      111.97
62   6546   正基              60.00    61.20   -1.96%   33.3  -0.078   1.92    59.36       67.32       73.44
63   3260   威剛             306.50   312.65   -1.97%   43.8   0.737   1.10   303.27      343.91      375.18
64   3491   昇達科           1255.00  1280.31   -1.98%   44.4   0.130   1.05  1241.90     1408.34     1536.38
65   5340   建榮             102.00   104.07   -1.99%   45.5   0.373   0.83   100.95      114.48      124.89
66   6121   新普             339.50   346.46   -2.01%   20.8  -0.550   1.25   336.07      381.11      415.76
67   6510   精測            3700.00  3776.17   -2.02%   42.9   3.841   1.23  3662.88     4153.78     4531.40
68   3663   鑫科              57.70    56.55   +2.03%   55.3   0.403   0.62    54.86       62.21       67.87
69   6026   福邦證             14.45    14.75   -2.03%   20.0  -0.016   0.97    14.31       16.22       17.70
70   2736   富野              14.15    13.86   +2.12%   56.3   0.066   1.49    13.44       15.24       16.63
71   8111   立碁              64.00    65.41   -2.16%   39.1   0.042   1.04    63.45       71.96       78.50
72   3294   英濟              35.85    36.65   -2.19%   36.7  -0.027   1.06    35.55       40.32       43.98
73   3689   湧德             111.00   113.48   -2.19%   14.3  -0.195   0.78   110.08      124.83      136.18
74   4903   聯光通             38.60    37.77   +2.19%   57.7   0.197   0.77    36.64       41.55       45.33
75   3693   營邦             394.00   385.40   +2.23%   55.2   2.991   0.85   373.84      423.94      462.48
76   3078   僑威              61.00    62.40   -2.24%   26.7  -0.072   1.55    60.53       68.64       74.88
77   8431   匯鑽科             63.40    62.00   +2.25%   61.3   0.055   1.94    60.14       68.20       74.41
78   6111   光聚              43.00    44.00   -2.28%   35.3  -0.018   1.61    42.68       48.40       52.80
79   3221   台嘉碩             28.25    28.92   -2.30%   43.7   0.070   0.61    28.05       31.81       34.70
80   5905   南仁湖              9.14     8.93   +2.31%   61.8   0.034   0.98     8.67        9.83       10.72
81   6126   信音              37.50    38.39   -2.33%    0.0  -0.078   0.32    37.24       42.23       46.07
82   3066   李洲              15.00    14.66   +2.35%   56.9   0.067   3.41    14.22       16.12       17.59
83   6130   上亞科技            41.25    40.30   +2.36%   64.6   0.027   2.35    39.09       44.33       48.36
84   4714   永捷              16.30    16.70   -2.40%   35.7  -0.017   1.01    16.20       18.37       20.04
85   4953   緯軟             117.50   120.46   -2.46%   20.0  -0.363   1.24   116.85      132.51      144.56
86   3324   雙鴻            1030.00  1005.12   +2.47%   72.7   1.585   0.95   974.97     1105.64     1206.15
87   3290   東浦              48.55    49.79   -2.49%    0.0  -0.109   0.73    48.30       54.77       59.75
88   6147   頎邦              52.90    54.29   -2.57%   23.1  -0.101   1.12    52.67       59.72       65.15
89   3265   台星科            132.50   136.00   -2.57%   33.3  -0.163   1.07   131.92      149.60      163.20
90   8076   伍豐              23.40    22.81   +2.60%   87.5   0.072   0.99    22.12       25.09       27.37
91   3227   原相             187.00   191.99   -2.60%   29.2  -0.259   1.43   186.23      211.19      230.39
92   3587   閎康             213.50   208.08   +2.60%   69.0   0.785   1.30   201.84      228.89      249.70
93   5302   太欣              11.00    11.30   -2.64%   12.5  -0.026   1.18    10.96       12.43       13.56
94   3511   矽瑪              21.00    20.46   +2.65%   76.2   0.074   1.79    19.84       22.50       24.55
95   6231   系微             199.00   204.51   -2.70%   35.9  -0.061   1.40   198.38      224.97      245.42
96   5530   龍巖              50.40    49.07   +2.71%   69.0   0.184   1.45    47.60       53.97       58.88
97   6274   台燿             519.00   505.25   +2.72%   64.0   1.993   1.49   490.10      555.78      606.30
98   2641   正德              19.40    19.95   -2.75%   23.8  -0.034   1.59    19.35       21.94       23.94
99   4510   高鋒              48.50    49.93   -2.87%   26.2  -0.172   0.48    48.44       54.93       59.92
100  4167   松瑞藥             19.95    20.55   -2.91%   28.6  -0.035   1.14    19.93       22.60       24.66
101  1785   光洋科             58.30    60.09   -2.99%   28.6  -0.123   0.91    58.29       66.10       72.11
============================================================================================================================================

【欄位說明】
- 2/6收盤：2026-02-06 收盤價
- 年線：240 日均線
- 距離：(股價 - 年線) / 年線 × 100%（越接近 0% 越好）
- RSI：相對強弱指標（30-50 為佳）
- MACD：DIF - DEA（正值 = 黃金交叉）
- 量比：今日量 / 20日均量（0.5-1.2 為佳）
- 停損價：年線 × 0.97（跌破立即出場）
- 目標(+10%)：年線 × 1.10
- 目標(+20%)：年線 × 1.20

【推薦操作】
✅ 優先級 1（距離 -1% ~ -3%）：回測年線，最佳買點
✅ 優先級 2（距離 0% ~ +1%）：剛站上年線，可考慮
⚠️  優先級 3（距離 > +2%）：偏離年線，等回檔

【買進條件】
1. 距離年線：-1% ~ -3%（回測年線）
2. RSI < 50（未超買）
3. 量比 < 1.2（量縮為佳）
4. MACD 接近或已黃金交叉

【停損停利】
- 🛑 停損：跌破停損價立即出場（不猶豫）
- 💰 停利：獲利 10% 賣 1/2，獲利 20% 全部出清

【資金配置】
- 單一個股 < 15% 總資金
- 分散投資 5-8 檔
- 保留現金 ≥ 20%

【節目金句】
"買在年線，睡得安穩"
"年線是主力的成本線，不會輕易放棄"
"跌破年線就走，不要猶豫"
============================================================================================================================================
