 股票代碼 | 股票名稱  | 收盤價  | 漲跌幅% | 成交量(張) | 量比 | ETF持有數 | ETF總權重% |   MA5   |  MA20   |  MA60  
----------+-----------+---------+---------+------------+------+-----------+------------+---------+---------+--------
 6488     | 環球晶    |  479.50 |    0.95 |       4107 | 0.80 |         1 |       1.07 |  475.10 |  485.63 | 475.11
 9904     | 寶成      |   30.95 |    0.49 |       5659 | 0.94 |         1 |       0.73 |   30.64 |   31.12 |  30.70
 1477     | 聚陽      |  319.00 |    2.24 |       1332 | 1.27 |         1 |       0.72 |  312.10 |  318.38 | 307.13
 2385     | 群光      |  119.00 |    0.85 |       4652 | 1.38 |         1 |       0.42 |  117.40 |  118.05 | 117.72
 1402     | 遠東新    |   28.60 |    1.42 |       9329 | 1.10 |         1 |       1.30 |   28.03 |   28.31 |  28.18
 5483     | 中美晶    |  118.50 |    3.49 |       4738 | 0.85 |         1 |       0.50 |  114.50 |  117.05 | 115.48
 4904     | 遠傳      |   91.10 |    1.22 |       5598 | 0.81 |         1 |       0.99 |   90.16 |   89.87 |  89.13
 2618     | 長榮航    |   38.45 |    0.13 |      26001 | 1.02 |         1 |       0.87 |   37.96 |   37.84 |  36.09
 4919     | 新唐      |   59.60 |    0.17 |       4075 | 0.85 |         1 |       0.51 |   60.10 |   58.58 |  54.35
 6937     | 天虹      |  228.00 |    0.44 |       1481 | 2.76 |         1 |       0.49 |  215.60 |  223.08 | 221.88
 2883     | 凱基金    |   18.40 |    0.00 |      54748 | 1.16 |         1 |       1.52 |   18.22 |   17.95 |  17.06
 3030     | 德律      |  188.00 |    0.53 |       6397 | 1.36 |         1 |       2.18 |  184.00 |  179.60 | 172.03
 1528     | 恩德      |   29.45 |    9.89 |      13699 | 2.86 |         1 |       0.24 |   27.38 |   27.30 |  20.34
 8210     | 勤誠      | 1085.00 |    9.82 |       7761 | 2.19 |         1 |       0.60 |  966.60 |  944.05 | 937.32
 1590     | 亞德客-KY | 1245.00 |    2.89 |       1954 | 0.93 |         1 |       1.76 | 1188.00 | 1056.60 | 971.00
 3576     | 聯合再生  |   14.85 |   10.00 |      59470 | 1.57 |         1 |       0.40 |   12.61 |   11.06 |   8.59
(16 rows)

