=== 策略 B 簡化版：強勢成長股（僅成長性篩選）===
篩選條件：年增率 > 20% 且 月增率 > 0%
時間：2026-01

 代碼 |   名稱   | 營收(億) |  月增率%  | 年增率% | 累計營收(億) | 累計年增% | 排名 
------+----------+----------+-----------+---------+--------------+-----------+------
 5864 | 致和證   |    14.82 |    248.41 | 8548.66 |        14.82 |   8548.66 |    1
 6171 | 大城地產 |     0.36 | 107530.30 | 3828.98 |         0.36 |   3828.98 |    2
 3188 | 鑫龍騰   |     5.98 |    179.20 |  885.39 |         5.98 |    885.39 |    3
 8054 | 安國     |     8.96 |    130.05 |  698.94 |         8.96 |    698.94 |    4
 2408 | 南亞科   |   153.10 |     27.40 |  608.02 |       153.10 |    608.02 |    5
 2451 | 創見     |    47.60 |     55.68 |  440.61 |        47.60 |    440.61 |    6
 6265 | 方土昶   |     2.13 |     18.97 |  435.72 |         2.13 |    435.72 |    7
 5386 | 青雲     |    24.61 |    215.72 |  406.81 |        24.61 |    406.81 |    8
 3135 | 凌航     |    15.46 |     31.45 |  343.86 |        15.46 |    343.86 |    9
 8996 | 高力     |    12.16 |     29.97 |  317.19 |        12.16 |    317.19 |   10
 5302 | 太欣     |     0.02 |     17.37 |  308.05 |         0.02 |    308.05 |   11
 5289 | 宜鼎     |    33.31 |     83.74 |  307.11 |        33.31 |    307.11 |   12
 5351 | 鈺創     |     7.64 |     22.39 |  291.70 |         7.64 |    291.70 |   13
 8271 | 宇瞻     |    20.92 |    146.14 |  233.35 |        20.92 |    233.35 |   14
 6716 | 應廣     |     1.58 |     51.07 |  230.36 |         1.58 |    230.36 |   15
 6015 | 宏遠證   |     4.19 |     94.68 |  226.84 |         4.19 |    226.84 |   16
 3260 | 威剛     |    84.12 |     44.78 |  198.92 |        84.12 |    198.92 |   17
 8299 | 群聯     |   104.52 |     19.97 |  189.25 |       104.52 |    189.25 |   18
 8227 | 巨有科技 |     1.20 |      5.12 |  172.70 |         1.20 |    172.70 |   19
 4903 | 聯光通   |     1.26 |     32.56 |  166.92 |         1.26 |    166.92 |   20
 6016 | 康和證   |    12.27 |    118.88 |  151.85 |        12.27 |    151.85 |   21
 3219 | 倚強科   |     1.62 |     11.29 |  148.54 |         1.62 |    148.54 |   22
 6584 | 南俊國際 |     3.03 |     24.41 |  142.61 |         3.03 |    142.61 |   23
 2460 | 建通     |     4.21 |     13.44 |  138.55 |         4.21 |    138.55 |   24
 3081 | 聯亞     |     2.71 |     17.39 |  122.78 |         2.71 |    122.78 |   25
 3054 | 立萬利   |     0.13 |     48.51 |  121.86 |         0.13 |    121.86 |   26
 3324 | 雙鴻     |    30.42 |      7.81 |  121.58 |        30.42 |    121.58 |   27
 3167 | 大量     |     6.02 |      7.53 |  119.57 |         6.02 |    119.57 |   28
 1294 | 漢田生技 |     0.90 |      8.11 |  117.94 |         0.90 |    117.94 |   29
 3556 | 禾瑞亞   |     1.30 |     64.83 |  113.89 |         1.30 |    113.89 |   30
 3491 | 昇達科   |     3.69 |     15.25 |  112.56 |         3.69 |    112.56 |   31
 4739 | 康普     |     8.89 |     36.09 |  109.06 |         8.89 |    109.06 |   32
 6113 | 亞矽     |     0.76 |     71.70 |   99.73 |         0.76 |     99.73 |   33
 6739 | 竹陞科技 |     0.91 |      3.31 |   98.90 |         0.91 |     98.90 |   34
 8072 | 陞泰     |     1.36 |      5.14 |   96.92 |         1.36 |     96.92 |   35
 4542 | 科嶠     |     0.60 |     22.54 |   96.66 |         0.60 |     96.66 |   36
 5228 | 鈺鎧     |     0.66 |     22.73 |   94.17 |         0.66 |     94.17 |   37
 2344 | 華邦電   |   117.78 |     20.55 |   94.16 |       117.78 |     94.16 |   38
 6598 | ABC-KY   |     0.79 |     44.88 |   87.92 |         0.79 |     87.92 |   39
 8033 | 雷虎     |     1.58 |     26.25 |   83.79 |         1.58 |     83.79 |   40
 7751 | 竑騰     |     1.98 |      4.23 |   80.57 |         1.98 |     80.57 |   41
 4543 | 萬在     |     0.84 |      3.03 |   80.32 |         0.84 |     80.32 |   42
 4973 | 廣穎電通 |     6.65 |     66.37 |   79.61 |         6.65 |     79.61 |   43
 6109 | 亞元     |     0.85 |     11.98 |   78.24 |         0.85 |     78.24 |   44
 6291 | 沛亨     |     2.43 |      9.47 |   77.54 |         2.43 |     77.54 |   45
 4561 | 健椿     |     0.87 |     49.99 |   75.40 |         0.87 |     75.40 |   46
 6274 | 台燿     |    35.33 |      8.71 |   74.82 |        35.33 |     74.82 |   47
 7744 | 崴寶     |     3.36 |     30.14 |   73.83 |         3.36 |     73.83 |   48
 2465 | 麗臺     |     4.67 |     29.36 |   73.40 |         4.67 |     73.40 |   49
 2360 | 致茂     |    38.26 |      4.93 |   72.10 |        38.26 |     72.10 |   50
(50 筆資料)


=== 摘要統計 ===
 符合股票數 | 平均年增率% | 平均月增率% | 平均營收(億) | 最高年增率% | 最低年增率% 
------------+-------------+-------------+--------------+-------------+-------------
        178 |      150.47 |      639.27 |        15.58 |     8548.66 |       20.10
(1 筆資料)

